50 3 DuneBlademaster 57 69 5 150 3 0
0 0 0
49 0 0
1 scrimitar 15 3 0 1 0 0
2 scrimitar 18 2 0 1 7 0
0 0 0 0 0 0 0 0
20 20 -10 0 0 20
1 2 2 0 0 1 2 3 2 2 3 1 3 3 0 1 0
60 40 30 0 0 40 40 20 40 50 50 40 20 30 0 50 60
0 0 0
51 4 DwarvishArcanister 80 54 4 200 4 3
0 0 0
0 0 0
1 hammer 26 4 0 2 6 0
0 0 0 0 0 0 0 0
0 0 0 0 0 0 0 0
50 50 50 10 10 10
1 1 2 0 0 1 1 2 1 1 1 1 3 3 0 1 1
60 50 30 0 0 30 30 30 40 60 70 30 20 20 0 50 60
0 0 0
61 4 DwarvishPathfinder 30 45 5 60 2 0
6 0 0
62 0 0
1 axe 8 3 0 0 0 0
2 axe 8 3 1 0 0 0
0 0 0 0 0 0 0 0
10 10 10 10 10 10
1 1 2 0 0 1 1 2 1 1 1 1 3 3 0 1 1
60 50 30 0 0 30 30 30 40 60 70 30 20 20 0 50 60
0 0 0
83 5 ElvishOutrider 43 57 10 150 3 3
82 0 0
0 0 0
1 sword 7 4 0 0 0 0
2 sword 8 3 1 1 0 0
0 0 0 0 0 0 0 0
0 -20 0 0 0 -10
1 3 2 0 0 1 1 2 2 2 3 2 3 2 0 1 1
60 30 30 0 0 40 60 30 50 50 60 30 20 30 0 60 60
0 0 0
90 6 Falcon 12 18 8 24 0 3
0 0 0
91 0 0
1 claws 2 3 0 1 0 0
2 beak 5 1 0 0 3 0
0 0 0 0 0 0 0 0
0 0 -10 0 0 20
1 3 1 1 0 1 1 1 3 1 1 1 1 1 1 1 1
60 30 60 60 0 60 60 60 30 60 60 60 60 60 60 50 60
0 0 0
115 10 shockTrooper 35 52 4 110 2 0
114 0 0
116 0 0
1 fail 18 2 0 2 0 0 
0 0 0 0 0 0 0 0
0 0 0 0 0 0 0 0
50 40 10 -10 0 20
1 2 3 0 0 1 2 4 2 3 0 2 4 4 0 1 1
50 40 20 0 0 30 40 20 40 40 0 20 10 10 0 40 50
0 0 0
130 10 Bowman 14 33 5 39 1 0
129 154 0
131 0 0
1 shortsword 4 2 0 0 0 0
2 bow 6 3 1 1 0 0
0 0 0 0 0 0 0 0
0 0 0 0 0 20
1 2 2 0 0 1 2 3 2 2 3 2 3 3 0 1 1
60 40 30 0 0 40 50 20 50 50 60 30 20 20 0 60 60
0 0 0
149 10 General 54 50 6 180 3 0
148 0 0
159 0 0
1 lingsword 9 4 0 0 0 0
2 crossbow 7 3 1 1 0 0
0 0 0 0 0 0 0 0
10 10 10 0 0 20
1 2 2 0 0 1 2 3 2 2 3 2 3 3 0 1 1
60 40 30 0 0 40 50 20 50 50 60 30 20 20 0 60 60
8 0 0
233 17 SaurianOracle 28 29 6 100 2 1
232 0 0
0 0 0
1 staff 4 3 0 2 0 0
2 curse 8 3 1 4 6 0
0 0 0 0 0 0 0 0
-10 20 -10 -20 -20 20
1 1 2 0 0 1 2 4 1 1 2 1 3 1 0 1 1
60 60 40 0 0 40 60 30 60 60 60 60 40 60 0 50 60
5 0 0
235 17 SaurianSkirmisher 15 26 6 32 1 1
0 0 0
236 0 0
1 spear 4 4 0 1 0 0
2 spear 4 2 1 1 0 0
0 0 0 0 0 0 0 0
-10 20 -10 -20 -20 20
1 1 2 0 0 1 2 4 1 1 2 1 3 1 0 1 1
60 60 40 0 0 40 60 30 60 60 60 60 40 60 0 50 60
11 0 0