2 50 1 Brent 1 0 20 29 12 4 0 70 69 5 5 0 150 3 0 0 0 0 0 0 0 0 0 0 0 0 0 0 0 0 0 0 0 0 0 0 
3 50 1 Alwyn 1 0 21 29 12 2 0 66 69 5 5 0 150 3 0 0 0 0 0 0 0 0 0 0 0 0 0 0 0 0 0 0 0 0 0 0 
4 50 1 Cadell 1 0 21 30 12 3 0 70 69 5 5 0 150 3 0 0 0 0 0 0 0 0 0 0 0 0 0 0 0 0 0 0 0 0 0 0 
5 83 1 Faren 1 0 17 31 12 2 0 55 57 10 10 0 150 3 3 0 0 0 0 0 0 0 0 0 0 0 0 0 0 0 0 0 0 0 0 0 
6 50 1 Dannen 1 0 18 31 12 3 0 70 69 5 5 0 150 3 0 0 0 0 0 0 0 0 0 0 0 0 0 0 0 0 0 0 0 0 0 0 
7 149 1 Arvith 1 1 19 31 0 0 0 50 50 6 6 0 180 3 0 0 0 0 0 0 0 0 0 0 0 0 0 0 0 0 0 0 0 0 0 0 
8 90 1 Hann 1 0 20 31 11 1 0 18 18 8 8 0 20 0 3 0 0 0 0 0 0 0 0 0 0 0 0 0 0 0 0 0 0 0 0 0 
9 130 1 Efran 1 0 18 32 12 3 0 34 33 5 5 0 39 1 0 0 0 0 0 0 0 0 0 0 0 0 0 0 0 0 0 0 0 0 0 0 
10 90 1 Magrid 1 0 19 32 12 1 0 18 18 8 8 0 20 0 3 0 0 0 0 0 0 0 0 0 0 0 0 0 0 0 0 0 0 0 0 0 
11 90 1 Tarek 1 0 20 32 12 2 0 18 18 8 8 0 24 0 3 0 0 0 0 0 0 0 0 0 0 0 0 0 0 0 0 0 0 0 0 0 
12 50 2 test 1 0 25 29 0 0 0 69 69 5 5 0 150 3 0 0 0 0 0 0 0 0 0 0 0 0 0 0 0 0 0 0 0 0 0 0 
13 235 2 test2 1 0 3 10 0 0 0 26 26 6 6 0 32 1 1 0 0 0 0 0 0 0 0 0 0 0 0 0 0 0 0 0 0 0 0 0 
14 83 1 test3 1 0 3 9 0 0 0 57 57 10 10 0 150 3 3 0 0 0 0 0 0 0 0 0 0 0 0 0 0 0 0 0 0 0 0 0 
15 51 1 test4 1 0 5 2 0 0 0 54 54 4 4 0 200 4 3 0 0 0 0 0 0 0 0 0 0 0 0 0 0 0 0 0 0 0 0 0 
16 83 1 test5 1 0 8 7 0 0 0 57 57 10 10 0 150 3 3 0 0 0 0 0 0 0 0 0 0 0 0 0 0 0 0 0 0 0 0 0 
17 50 2 testt 1 0 24 29 0 0 0 69 69 5 5 0 150 3 0 0 0 0 0 0 0 0 0 0 0 0 0 0 0 0 0 0 0 0 0 0 
